perfect
data/test/Im037_0.jpg	105	85	70	102	80.95	66.67	97.14	
data/test/Im045_0.jpg	601	517	415	577	86.02	69.05	96.01	
data/test/Im053_1.jpg	802	571	320	652	71.20	39.90	81.30	
data/train/Im001_1.jpg	215	214	205	216	99.53	95.35	99.53	
data/train/Im004_1.jpg	258	280	247	268	91.47	95.74	96.12	
data/train/Im015_1.jpg	293	295	260	281	99.32	88.74	95.90	
data/train/Im022_1.jpg	242	251	235	246	96.28	97.11	98.35	
data/train/Im050_1.jpg	460	498	423	519	91.74	91.96	87.17	
data/train/Im069_0.jpg	665	651	531	675	97.89	79.85	98.50	
data/train/Im079_0.jpg	512	496	398	518	96.88	77.73	98.83	
data/train/Im095_0.jpg	150	189	95	150	74.00	63.33	100.00	
data/train/Im099_0.jpg	528	478	397	517	90.53	75.19	97.92	
data/train/Im108_0.jpg	510	511	418	546	99.80	81.96	92.94	
Total	-1	-1	-1	-1	90.43	78.66	95.36	

rbc.h5
data/test/Im037_0.jpg	105	194	76	264	15.24	72.38	-51.43	
data/test/Im045_0.jpg	601	844	430	722	59.57	71.55	79.87	
data/test/Im053_1.jpg	802	940	343	994	82.79	42.77	76.06	
data/train/Im001_1.jpg	215	386	204	270	20.47	94.88	74.42	
data/train/Im004_1.jpg	258	440	239	305	29.46	92.64	81.78	
data/train/Im015_1.jpg	293	481	260	354	35.84	88.74	79.18	
data/train/Im022_1.jpg	242	434	221	292	20.66	91.32	79.34	
data/train/Im050_1.jpg	460	812	432	748	23.48	93.91	37.39	
data/train/Im069_0.jpg	665	1014	556	823	47.52	83.61	76.24	
data/train/Im079_0.jpg	512	903	443	786	23.63	86.52	46.48	
data/train/Im095_0.jpg	150	523	105	1313	-148.67	70.00	-675.33	
data/train/Im099_0.jpg	528	846	411	733	39.77	77.84	61.17	
data/train/Im108_0.jpg	510	923	471	886	19.02	92.35	26.27	
Total	-1	-1	-1	-1	20.67	81.42	-0.66	
data/test/Im037_0.jpg	105	85	70	102	80.95	66.67	97.14	
data/test/Im045_0.jpg	601	517	415	577	86.02	69.05	96.01	
Total	-1	-1	-1	-1	83.49	67.86	96.57	
data/test/Im037_0.jpg	105	85	70	102	80.95	66.67	97.14	
data/test/Im045_0.jpg	601	517	415	577	86.02	69.05	96.01	
Total	-1	-1	-1	-1	83.49	67.86	96.57	
data/test/Im037_0.jpg	105	85	70	102	80.95	66.67	97.14	
data/test/Im045_0.jpg	601	517	415	577	86.02	69.05	96.01	
data/test/Im053_1.jpg	802	571	320	652	71.20	39.90	81.30	
data/train/Im001_1.jpg	215	214	205	216	99.53	95.35	99.53	
data/train/Im004_1.jpg	258	280	247	268	91.47	95.74	96.12	
data/train/Im015_1.jpg	293	295	260	281	99.32	88.74	95.90	
data/train/Im022_1.jpg	242	251	235	246	96.28	97.11	98.35	
data/train/Im050_1.jpg	460	498	423	519	91.74	91.96	87.17	
data/train/Im069_0.jpg	665	651	531	675	97.89	79.85	98.50	
data/train/Im079_0.jpg	512	496	398	518	96.88	77.73	98.83	
data/train/Im095_0.jpg	150	189	95	150	74.00	63.33	100.00	
data/train/Im099_0.jpg	528	478	397	517	90.53	75.19	97.92	
data/train/Im108_0.jpg	510	511	418	546	99.80	81.96	92.94	
Total	-1	-1	-1	-1	90.43	78.66	95.36	
