ALL-IDB1/Im001_1.jpg	18	20	14	15	nan	88.89	nan	77.78	nan	83.33	
Total	-1	-1	-1	-1	nan	88.89	nan	77.78	nan	83.33	

ALL-IDB1/Im001_1.jpg	18	20	14	15	nan	88.89	nan	77.78	nan	83.33	
ALL-IDB1/Im002_1.jpg	21	24	17	20	nan	85.71	nan	80.95	nan	95.24	
ALL-IDB1/Im003_1.jpg	16	17	11	14	nan	93.75	nan	68.75	nan	87.50	
Total	-1	-1	-1	-1	nan	89.45	nan	75.83	nan	88.69	
ALL-IDB1/Im001_1.jpg	18	20	14	15	nan	88.89	nan	77.78	nan	83.33	
ALL-IDB1/Im002_1.jpg	21	24	17	20	nan	85.71	nan	80.95	nan	95.24	
ALL-IDB1/Im003_1.jpg	16	17	11	14	nan	93.75	nan	68.75	nan	87.50	
Total	-1	-1	-1	-1	-0.11	89.45	-3.50	75.83	-0.11	88.69	
ALL-IDB1/Im001_1.jpg	18	20	14	15	88.89	77.78	83.33	
ALL-IDB1/Im002_1.jpg	21	24	17	20	85.71	80.95	95.24	
ALL-IDB1/Im003_1.jpg	16	17	11	14	93.75	68.75	87.50	
Total	-1	-1	-1	-1	89.45	75.83	88.69	
ALL-IDB1/Im001_1.jpg	18	20	14	15	88.89	77.78	83.33	
ALL-IDB1/Im002_1.jpg	21	24	17	20	85.71	80.95	95.24	
ALL-IDB1/Im003_1.jpg	16	17	11	14	93.75	68.75	87.50	
Total	-1	-1	-1	-1	89.45	75.83	88.69	


ALL-IDB1/Im001_1.jpg	18	19	14	15	nan	94.44444444444444	nan	77.77777777777779	nan	83.33333333333334	
ALL-IDB1/Im002_1.jpg	21	21	17	20	nan	100.0	nan	80.95238095238095	nan	95.23809523809523	
ALL-IDB1/Im003_1.jpg	16	15	11	14	nan	93.75	nan	68.75	nan	87.5	
ALL-IDB1/Im004_1.jpg	12	12	10	14	nan	100.0	nan	83.33333333333334	nan	83.33333333333334	
ALL-IDB1/Im005_1.jpg	36	34	26	31	nan	94.44444444444444	nan	72.22222222222221	nan	86.11111111111111	
ALL-IDB1/Im006_1.jpg	25	23	18	24	nan	92.0	nan	72.0	nan	96.0	
ALL-IDB1/Im007_1.jpg	13	13	10	14	nan	100.0	nan	76.92307692307692	nan	92.3076923076923	
ALL-IDB1/Im008_1.jpg	25	25	19	20	nan	100.0	nan	76.0	nan	80.0	
ALL-IDB1/Im009_1.jpg	13	13	13	12	nan	100.0	nan	100.0	nan	92.3076923076923	
ALL-IDB1/Im010_1.jpg	19	21	19	18	nan	89.47368421052632	nan	100.0	nan	94.73684210526316	
ALL-IDB1/Im011_1.jpg	20	21	18	21	nan	95.0	nan	90.0	nan	95.0	
ALL-IDB1/Im012_1.jpg	17	16	15	16	nan	94.11764705882352	nan	88.23529411764706	nan	94.11764705882352	
ALL-IDB1/Im013_1.jpg	14	14	11	13	nan	100.0	nan	78.57142857142857	nan	92.85714285714286	
ALL-IDB1/Im014_1.jpg	14	13	11	10	nan	92.85714285714286	nan	78.57142857142857	nan	71.42857142857143	
ALL-IDB1/Im015_1.jpg	22	22	16	19	nan	100.0	nan	72.72727272727273	nan	86.36363636363636	
ALL-IDB1/Im016_1.jpg	23	23	22	23	nan	100.0	nan	95.65217391304348	nan	100.0	
ALL-IDB1/Im017_1.jpg	3	3	2	3	nan	100.0	nan	66.66666666666667	nan	100.0	
ALL-IDB1/Im018_1.jpg	21	20	18	17	nan	95.23809523809523	nan	85.71428571428572	nan	80.95238095238095	
ALL-IDB1/Im019_1.jpg	26	24	15	22	nan	92.3076923076923	nan	57.692307692307686	nan	84.61538461538461	
ALL-IDB1/Im020_1.jpg	2	2	3	2	nan	100.0	nan	50.0	nan	100.0	
ALL-IDB1/Im021_1.jpg	3	3	4	3	nan	100.0	nan	66.66666666666667	nan	100.0	
ALL-IDB1/Im022_1.jpg	5	5	6	5	nan	100.0	nan	80.0	nan	100.0	
ALL-IDB1/Im023_1.jpg	7	7	8	7	nan	100.0	nan	85.71428571428572	nan	100.0	
ALL-IDB1/Im024_1.jpg	5	4	5	4	nan	80.0	nan	100.0	nan	80.0	
ALL-IDB1/Im025_1.jpg	3	3	4	3	nan	100.0	nan	66.66666666666667	nan	100.0	
ALL-IDB1/Im026_1.jpg	6	6	7	5	nan	100.0	nan	83.33333333333334	nan	83.33333333333334	
ALL-IDB1/Im027_1.jpg	4	4	5	3	nan	100.0	nan	75.0	nan	75.0	
ALL-IDB1/Im028_1.jpg	2	2	3	2	nan	100.0	nan	50.0	nan	100.0	
ALL-IDB1/Im029_1.jpg	5	5	6	4	nan	100.0	nan	80.0	nan	80.0	
ALL-IDB1/Im030_1.jpg	4	4	5	4	nan	100.0	nan	75.0	nan	100.0	
ALL-IDB1/Im031_1.jpg	2	2	3	2	nan	100.0	nan	50.0	nan	100.0	
ALL-IDB1/Im032_1.jpg	3	2	3	2	nan	66.66666666666667	nan	100.0	nan	66.66666666666667	
ALL-IDB1/Im033_1.jpg	2	2	3	2	nan	100.0	nan	50.0	nan	100.0	
ALL-IDB1/Im034_0.jpg	2	3	3	1	nan	50.0	nan	50.0	nan	50.0	
ALL-IDB1/Im035_0.jpg	1	1	2	1	nan	100.0	nan	0.0	nan	100.0	
ALL-IDB1/Im036_0.jpg	2	2	3	1	nan	100.0	nan	50.0	nan	50.0	
ALL-IDB1/Im037_0.jpg	1	1	2	1	nan	100.0	nan	0.0	nan	100.0	
ALL-IDB1/Im038_0.jpg	1	1	2	1	nan	100.0	nan	0.0	nan	100.0	
ALL-IDB1/Im039_0.jpg	1	1	2	1	nan	100.0	nan	0.0	nan	100.0	
ALL-IDB1/Im040_0.jpg	1	2	2	1	nan	0.0	nan	0.0	nan	100.0	
ALL-IDB1/Im041_0.jpg	2	2	4	2	nan	100.0	nan	0.0	nan	100.0	
ALL-IDB1/Im042_0.jpg	2	3	3	1	nan	50.0	nan	50.0	nan	50.0	
ALL-IDB1/Im043_0.jpg	2	2	3	2	nan	100.0	nan	50.0	nan	100.0	
ALL-IDB1/Im044_0.jpg	2	2	3	2	nan	100.0	nan	50.0	nan	100.0	
ALL-IDB1/Im045_0.jpg	1	1	2	1	nan	100.0	nan	0.0	nan	100.0	
ALL-IDB1/Im046_0.jpg	1	1	2	1	nan	100.0	nan	0.0	nan	100.0	
ALL-IDB1/Im047_0.jpg	2	2	3	2	nan	100.0	nan	50.0	nan	100.0	
ALL-IDB1/Im048_1.jpg	26	27	22	21	nan	96.15384615384616	nan	84.61538461538461	nan	80.76923076923077	
ALL-IDB1/Im049_1.jpg	22	24	20	18	nan	90.9090909090909	nan	90.9090909090909	nan	81.81818181818181	
ALL-IDB1/Im050_1.jpg	21	25	19	19	nan	80.95238095238095	nan	90.47619047619048	nan	90.47619047619048	
ALL-IDB1/Im051_1.jpg	25	19	13	19	nan	76.0	nan	52.0	nan	76.0	
ALL-IDB1/Im052_1.jpg	33	34	20	30	nan	96.96969696969697	nan	60.60606060606061	nan	90.9090909090909	
ALL-IDB1/Im053_1.jpg	52	47	39	39	nan	90.38461538461539	nan	75.0	nan	75.0	
ALL-IDB1/Im054_1.jpg	22	21	16	15	nan	95.45454545454545	nan	72.72727272727273	nan	68.18181818181819	
ALL-IDB1/Im055_1.jpg	29	28	20	23	nan	96.55172413793103	nan	68.96551724137932	nan	79.3103448275862	
ALL-IDB1/Im056_1.jpg	22	20	17	17	nan	90.9090909090909	nan	77.27272727272727	nan	77.27272727272727	
ALL-IDB1/Im057_1.jpg	24	23	16	19	nan	95.83333333333334	nan	66.66666666666667	nan	79.16666666666666	
ALL-IDB1/Im058_1.jpg	33	30	24	23	nan	90.9090909090909	nan	72.72727272727273	nan	69.6969696969697	
ALL-IDB1/Im059_1.jpg	45	51	31	43	nan	86.66666666666667	nan	68.88888888888889	nan	95.55555555555556	
ALL-IDB1/Im060_1.jpg	16	14	14	17	nan	87.5	nan	87.5	nan	93.75	
ALL-IDB1/Im061_1.jpg	34	36	20	30	nan	94.11764705882352	nan	58.82352941176471	nan	88.23529411764706	
ALL-IDB1/Im062_1.jpg	38	34	21	35	nan	89.47368421052632	nan	55.263157894736835	nan	92.10526315789474	
ALL-IDB1/Im063_1.jpg	25	26	22	26	nan	96.0	nan	88.0	nan	96.0	
ALL-IDB1/Im064_0.jpg	1	1	2	0	nan	100.0	nan	0.0	nan	0.0	
ALL-IDB1/Im065_0.jpg	2	2	3	2	nan	100.0	nan	50.0	nan	100.0	
ALL-IDB1/Im066_0.jpg	1	1	2	1	nan	100.0	nan	0.0	nan	100.0	
ALL-IDB1/Im067_0.jpg	2	2	3	2	nan	100.0	nan	50.0	nan	100.0	
ALL-IDB1/Im068_0.jpg	2	2	3	2	nan	100.0	nan	50.0	nan	100.0	
ALL-IDB1/Im069_0.jpg	1	1	2	1	nan	100.0	nan	0.0	nan	100.0	
ALL-IDB1/Im070_0.jpg	1	1	2	1	nan	100.0	nan	0.0	nan	100.0	
ALL-IDB1/Im071_0.jpg	1	1	2	1	nan	100.0	nan	0.0	nan	100.0	
ALL-IDB1/Im072_0.jpg	1	1	2	1	nan	100.0	nan	0.0	nan	100.0	
ALL-IDB1/Im073_0.jpg	1	1	2	1	nan	100.0	nan	0.0	nan	100.0	
ALL-IDB1/Im074_0.jpg	1	1	2	1	nan	100.0	nan	0.0	nan	100.0	
ALL-IDB1/Im075_0.jpg	1	1	2	1	nan	100.0	nan	0.0	nan	100.0	
ALL-IDB1/Im076_0.jpg	2	2	3	2	nan	100.0	nan	50.0	nan	100.0	
ALL-IDB1/Im077_0.jpg	1	1	2	1	nan	100.0	nan	0.0	nan	100.0	
ALL-IDB1/Im078_0.jpg	3	2	3	1	nan	66.66666666666667	nan	100.0	nan	33.333333333333336	
ALL-IDB1/Im079_0.jpg	7	10	9	4	nan	57.14285714285714	nan	71.42857142857143	nan	57.14285714285714	
ALL-IDB1/Im080_0.jpg	2	2	3	2	nan	100.0	nan	50.0	nan	100.0	
ALL-IDB1/Im081_0.jpg	2	3	4	0	nan	50.0	nan	0.0	nan	0.0	
ALL-IDB1/Im082_0.jpg	2	3	4	1	nan	50.0	nan	0.0	nan	50.0	
ALL-IDB1/Im083_0.jpg	1	1	2	1	nan	100.0	nan	0.0	nan	100.0	
ALL-IDB1/Im084_0.jpg	2	4	5	2	nan	0.0	nan	-50.0	nan	100.0	
ALL-IDB1/Im085_0.jpg	2	4	4	1	nan	0.0	nan	0.0	nan	50.0	
ALL-IDB1/Im086_0.jpg	1	2	3	1	nan	0.0	nan	-100.0	nan	100.0	
ALL-IDB1/Im087_0.jpg	2	3	4	1	nan	50.0	nan	0.0	nan	50.0	
ALL-IDB1/Im088_0.jpg	4	5	5	4	nan	75.0	nan	75.0	nan	100.0	
ALL-IDB1/Im089_0.jpg	1	2	3	1	nan	0.0	nan	-100.0	nan	100.0	
ALL-IDB1/Im090_0.jpg	5	7	6	4	nan	60.0	nan	80.0	nan	80.0	
ALL-IDB1/Im091_0.jpg	3	4	4	3	nan	66.66666666666667	nan	66.66666666666667	nan	100.0	
ALL-IDB1/Im092_0.jpg	1	1	2	1	nan	100.0	nan	0.0	nan	100.0	
ALL-IDB1/Im093_0.jpg	4	6	6	3	nan	50.0	nan	50.0	nan	75.0	
ALL-IDB1/Im094_0.jpg	1	1	2	1	nan	100.0	nan	0.0	nan	100.0	
ALL-IDB1/Im095_0.jpg	2	4	3	2	nan	0.0	nan	50.0	nan	100.0	
ALL-IDB1/Im096_0.jpg	3	3	4	2	nan	100.0	nan	66.66666666666667	nan	66.66666666666667	
ALL-IDB1/Im097_0.jpg	3	3	4	1	nan	100.0	nan	66.66666666666667	nan	33.333333333333336	
ALL-IDB1/Im098_0.jpg	1	1	2	1	nan	100.0	nan	0.0	nan	100.0	
ALL-IDB1/Im099_0.jpg	3	4	4	1	nan	66.66666666666667	nan	66.66666666666667	nan	33.333333333333336	
ALL-IDB1/Im100_0.jpg	1	1	2	1	nan	100.0	nan	0.0	nan	100.0	
ALL-IDB1/Im101_0.jpg	1	1	2	0	nan	100.0	nan	0.0	nan	0.0	
ALL-IDB1/Im102_0.jpg	1	1	2	1	nan	100.0	nan	0.0	nan	100.0	
ALL-IDB1/Im103_0.jpg	2	2	3	1	nan	100.0	nan	50.0	nan	50.0	
ALL-IDB1/Im104_0.jpg	2	3	3	2	nan	50.0	nan	50.0	nan	100.0	
ALL-IDB1/Im105_0.jpg	4	3	4	1	nan	75.0	nan	100.0	nan	25.0	
ALL-IDB1/Im106_0.jpg	2	3	3	1	nan	50.0	nan	50.0	nan	50.0	
ALL-IDB1/Im107_0.jpg	2	2	3	3	nan	100.0	nan	50.0	nan	50.0	
ALL-IDB1/Im108_0.jpg	4	6	6	3	nan	50.0	nan	50.0	nan	75.0	
Total	-1	-1	-1	-1	nan	85.66877858722529	nan	46.738033324967574	nan	83.74314555806986	
ALL-IDB1/Im001_1.jpg	18	19	14	15	94.44	77.78	83.33	
ALL-IDB1/Im002_1.jpg	21	21	17	20	100.00	80.95	95.24	
ALL-IDB1/Im003_1.jpg	16	15	11	14	93.75	68.75	87.50	
ALL-IDB1/Im004_1.jpg	12	12	10	14	100.00	83.33	83.33	
ALL-IDB1/Im005_1.jpg	36	34	26	31	94.44	72.22	86.11	
ALL-IDB1/Im006_1.jpg	25	23	18	24	92.00	72.00	96.00	
ALL-IDB1/Im007_1.jpg	13	13	10	14	100.00	76.92	92.31	
ALL-IDB1/Im008_1.jpg	25	25	19	20	100.00	76.00	80.00	
ALL-IDB1/Im009_1.jpg	13	13	13	12	100.00	100.00	92.31	
ALL-IDB1/Im010_1.jpg	19	21	19	18	89.47	100.00	94.74	
ALL-IDB1/Im011_1.jpg	20	21	18	21	95.00	90.00	95.00	
ALL-IDB1/Im012_1.jpg	17	16	15	16	94.12	88.24	94.12	
ALL-IDB1/Im013_1.jpg	14	14	11	13	100.00	78.57	92.86	
ALL-IDB1/Im014_1.jpg	14	13	11	10	92.86	78.57	71.43	
ALL-IDB1/Im015_1.jpg	22	22	16	19	100.00	72.73	86.36	
ALL-IDB1/Im016_1.jpg	23	23	22	23	100.00	95.65	100.00	
ALL-IDB1/Im017_1.jpg	3	3	2	3	100.00	66.67	100.00	
ALL-IDB1/Im018_1.jpg	21	20	18	17	95.24	85.71	80.95	
ALL-IDB1/Im019_1.jpg	26	24	15	22	92.31	57.69	84.62	
ALL-IDB1/Im020_1.jpg	2	2	3	2	100.00	50.00	100.00	
ALL-IDB1/Im021_1.jpg	3	3	4	3	100.00	66.67	100.00	
ALL-IDB1/Im022_1.jpg	5	5	6	5	100.00	80.00	100.00	
ALL-IDB1/Im023_1.jpg	7	7	8	7	100.00	85.71	100.00	
ALL-IDB1/Im024_1.jpg	5	4	5	4	80.00	100.00	80.00	
ALL-IDB1/Im025_1.jpg	3	3	4	3	100.00	66.67	100.00	
ALL-IDB1/Im026_1.jpg	6	6	7	5	100.00	83.33	83.33	
ALL-IDB1/Im027_1.jpg	4	4	5	3	100.00	75.00	75.00	
ALL-IDB1/Im028_1.jpg	2	2	3	2	100.00	50.00	100.00	
ALL-IDB1/Im029_1.jpg	5	5	6	4	100.00	80.00	80.00	
ALL-IDB1/Im030_1.jpg	4	4	5	4	100.00	75.00	100.00	
ALL-IDB1/Im031_1.jpg	2	2	3	2	100.00	50.00	100.00	
ALL-IDB1/Im032_1.jpg	3	2	3	2	66.67	100.00	66.67	
ALL-IDB1/Im033_1.jpg	2	2	3	2	100.00	50.00	100.00	
ALL-IDB1/Im001_1.jpg	18	19	14	15	94.44	77.78	83.33	
ALL-IDB1/Im002_1.jpg	21	21	17	20	100.00	80.95	95.24	
ALL-IDB1/Im003_1.jpg	16	15	11	14	93.75	68.75	87.50	
ALL-IDB1/Im004_1.jpg	12	12	10	14	100.00	83.33	83.33	
ALL-IDB1/Im005_1.jpg	36	34	26	31	94.44	72.22	86.11	
ALL-IDB1/Im006_1.jpg	25	23	18	24	92.00	72.00	96.00	
ALL-IDB1/Im007_1.jpg	13	13	10	14	100.00	76.92	92.31	
ALL-IDB1/Im008_1.jpg	25	25	19	20	100.00	76.00	80.00	
ALL-IDB1/Im009_1.jpg	13	13	13	12	100.00	100.00	92.31	
ALL-IDB1/Im010_1.jpg	19	21	19	18	89.47	100.00	94.74	
ALL-IDB1/Im011_1.jpg	20	21	18	21	95.00	90.00	95.00	
ALL-IDB1/Im012_1.jpg	17	16	15	16	94.12	88.24	94.12	
ALL-IDB1/Im013_1.jpg	14	14	11	13	100.00	78.57	92.86	
ALL-IDB1/Im014_1.jpg	14	13	11	10	92.86	78.57	71.43	
ALL-IDB1/Im015_1.jpg	22	22	16	19	100.00	72.73	86.36	
ALL-IDB1/Im016_1.jpg	23	23	22	23	100.00	95.65	100.00	
ALL-IDB1/Im017_1.jpg	3	3	2	3	100.00	66.67	100.00	
ALL-IDB1/Im018_1.jpg	21	20	18	17	95.24	85.71	80.95	
ALL-IDB1/Im019_1.jpg	26	24	15	22	92.31	57.69	84.62	
ALL-IDB1/Im020_1.jpg	2	2	3	2	100.00	50.00	100.00	
ALL-IDB1/Im021_1.jpg	3	3	4	3	100.00	66.67	100.00	
ALL-IDB1/Im022_1.jpg	5	5	6	5	100.00	80.00	100.00	
ALL-IDB1/Im023_1.jpg	7	7	8	7	100.00	85.71	100.00	
ALL-IDB1/Im024_1.jpg	5	4	5	4	80.00	100.00	80.00	
ALL-IDB1/Im025_1.jpg	3	3	4	3	100.00	66.67	100.00	
ALL-IDB1/Im026_1.jpg	6	6	7	5	100.00	83.33	83.33	
ALL-IDB1/Im027_1.jpg	4	4	5	3	100.00	75.00	75.00	
ALL-IDB1/Im028_1.jpg	2	2	3	2	100.00	50.00	100.00	
ALL-IDB1/Im029_1.jpg	5	5	6	4	100.00	80.00	80.00	
ALL-IDB1/Im030_1.jpg	4	4	5	4	100.00	75.00	100.00	
ALL-IDB1/Im031_1.jpg	2	2	3	2	100.00	50.00	100.00	
ALL-IDB1/Im032_1.jpg	3	2	3	2	66.67	100.00	66.67	
ALL-IDB1/Im033_1.jpg	2	2	3	2	100.00	50.00	100.00	
ALL-IDB1/Im034_0.jpg	2	3	3	1	50.00	50.00	50.00	
ALL-IDB1/Im035_0.jpg	1	1	2	1	100.00	0.00	100.00	
ALL-IDB1/Im036_0.jpg	2	2	3	1	100.00	50.00	50.00	
ALL-IDB1/Im037_0.jpg	1	1	2	1	100.00	0.00	100.00	
ALL-IDB1/Im038_0.jpg	1	1	2	1	100.00	0.00	100.00	
ALL-IDB1/Im039_0.jpg	1	1	2	1	100.00	0.00	100.00	
ALL-IDB1/Im040_0.jpg	1	2	2	1	0.00	0.00	100.00	
ALL-IDB1/Im041_0.jpg	2	2	4	2	100.00	0.00	100.00	
ALL-IDB1/Im042_0.jpg	2	3	3	1	50.00	50.00	50.00	
ALL-IDB1/Im043_0.jpg	2	2	3	2	100.00	50.00	100.00	
ALL-IDB1/Im044_0.jpg	2	2	3	2	100.00	50.00	100.00	
ALL-IDB1/Im045_0.jpg	1	1	2	1	100.00	0.00	100.00	
ALL-IDB1/Im046_0.jpg	1	1	2	1	100.00	0.00	100.00	
ALL-IDB1/Im047_0.jpg	2	2	3	2	100.00	50.00	100.00	
ALL-IDB1/Im048_1.jpg	26	27	22	21	96.15	84.62	80.77	
ALL-IDB1/Im049_1.jpg	22	24	20	18	90.91	90.91	81.82	
ALL-IDB1/Im050_1.jpg	21	25	19	19	80.95	90.48	90.48	
ALL-IDB1/Im051_1.jpg	25	19	13	19	76.00	52.00	76.00	
ALL-IDB1/Im052_1.jpg	33	34	20	30	96.97	60.61	90.91	
ALL-IDB1/Im053_1.jpg	52	47	39	39	90.38	75.00	75.00	
ALL-IDB1/Im054_1.jpg	22	21	16	15	95.45	72.73	68.18	
ALL-IDB1/Im055_1.jpg	29	28	20	23	96.55	68.97	79.31	
ALL-IDB1/Im056_1.jpg	22	20	17	17	90.91	77.27	77.27	
ALL-IDB1/Im057_1.jpg	24	23	16	19	95.83	66.67	79.17	
ALL-IDB1/Im058_1.jpg	33	30	24	23	90.91	72.73	69.70	
ALL-IDB1/Im059_1.jpg	45	51	31	43	86.67	68.89	95.56	
ALL-IDB1/Im060_1.jpg	16	14	14	17	87.50	87.50	93.75	
ALL-IDB1/Im061_1.jpg	34	36	20	30	94.12	58.82	88.24	
ALL-IDB1/Im062_1.jpg	38	34	21	35	89.47	55.26	92.11	
ALL-IDB1/Im063_1.jpg	25	26	22	26	96.00	88.00	96.00	
ALL-IDB1/Im064_0.jpg	1	1	2	0	100.00	0.00	0.00	
ALL-IDB1/Im065_0.jpg	2	2	3	2	100.00	50.00	100.00	
ALL-IDB1/Im066_0.jpg	1	1	2	1	100.00	0.00	100.00	
ALL-IDB1/Im067_0.jpg	2	2	3	2	100.00	50.00	100.00	
ALL-IDB1/Im068_0.jpg	2	2	3	2	100.00	50.00	100.00	
ALL-IDB1/Im069_0.jpg	1	1	2	1	100.00	0.00	100.00	
ALL-IDB1/Im070_0.jpg	1	1	2	1	100.00	0.00	100.00	
ALL-IDB1/Im071_0.jpg	1	1	2	1	100.00	0.00	100.00	
ALL-IDB1/Im072_0.jpg	1	1	2	1	100.00	0.00	100.00	
ALL-IDB1/Im073_0.jpg	1	1	2	1	100.00	0.00	100.00	
ALL-IDB1/Im074_0.jpg	1	1	2	1	100.00	0.00	100.00	
ALL-IDB1/Im075_0.jpg	1	1	2	1	100.00	0.00	100.00	
ALL-IDB1/Im076_0.jpg	2	2	3	2	100.00	50.00	100.00	
ALL-IDB1/Im077_0.jpg	1	1	2	1	100.00	0.00	100.00	
ALL-IDB1/Im078_0.jpg	3	2	3	1	66.67	100.00	33.33	
ALL-IDB1/Im079_0.jpg	7	10	9	4	57.14	71.43	57.14	
ALL-IDB1/Im080_0.jpg	2	2	3	2	100.00	50.00	100.00	
ALL-IDB1/Im081_0.jpg	2	3	4	0	50.00	0.00	0.00	
ALL-IDB1/Im082_0.jpg	2	3	4	1	50.00	0.00	50.00	
ALL-IDB1/Im083_0.jpg	1	1	2	1	100.00	0.00	100.00	
ALL-IDB1/Im084_0.jpg	2	4	5	2	0.00	-50.00	100.00	
ALL-IDB1/Im085_0.jpg	2	4	4	1	0.00	0.00	50.00	
ALL-IDB1/Im086_0.jpg	1	2	3	1	0.00	-100.00	100.00	
ALL-IDB1/Im087_0.jpg	2	3	4	1	50.00	0.00	50.00	
ALL-IDB1/Im088_0.jpg	4	5	5	4	75.00	75.00	100.00	
ALL-IDB1/Im089_0.jpg	1	2	3	1	0.00	-100.00	100.00	
ALL-IDB1/Im090_0.jpg	5	7	6	4	60.00	80.00	80.00	
ALL-IDB1/Im091_0.jpg	3	4	4	3	66.67	66.67	100.00	
ALL-IDB1/Im092_0.jpg	1	1	2	1	100.00	0.00	100.00	
ALL-IDB1/Im093_0.jpg	4	6	6	3	50.00	50.00	75.00	
ALL-IDB1/Im094_0.jpg	1	1	2	1	100.00	0.00	100.00	
ALL-IDB1/Im095_0.jpg	2	4	3	2	0.00	50.00	100.00	
ALL-IDB1/Im096_0.jpg	3	3	4	2	100.00	66.67	66.67	
ALL-IDB1/Im097_0.jpg	3	3	4	1	100.00	66.67	33.33	
ALL-IDB1/Im098_0.jpg	1	1	2	1	100.00	0.00	100.00	
ALL-IDB1/Im099_0.jpg	3	4	4	1	66.67	66.67	33.33	
ALL-IDB1/Im100_0.jpg	1	1	2	1	100.00	0.00	100.00	
ALL-IDB1/Im101_0.jpg	1	1	2	0	100.00	0.00	0.00	
ALL-IDB1/Im102_0.jpg	1	1	2	1	100.00	0.00	100.00	
ALL-IDB1/Im103_0.jpg	2	2	3	1	100.00	50.00	50.00	
ALL-IDB1/Im104_0.jpg	2	3	3	2	50.00	50.00	100.00	
ALL-IDB1/Im105_0.jpg	4	3	4	1	75.00	100.00	25.00	
ALL-IDB1/Im106_0.jpg	2	3	3	1	50.00	50.00	50.00	
ALL-IDB1/Im107_0.jpg	2	2	3	3	100.00	50.00	50.00	
ALL-IDB1/Im108_0.jpg	4	6	6	3	50.00	50.00	75.00	
Total	-1	-1	-1	-1	85.67	46.74	83.74	
 
