ALL-IDB1/Im001_1.jpg	18	17	14	15	94.44	77.78	83.33
ALL-IDB1/Im002_1.jpg	21	21	17	20	100.00	80.95	95.24
ALL-IDB1/Im003_1.jpg	15	15	11	14	100.00	73.33	93.33
ALL-IDB1/Im004_1.jpg	12	12	10	14	100.00	83.33	83.33
ALL-IDB1/Im005_1.jpg	36	34	28	34	94.44	77.78	94.44
ALL-IDB1/Im006_1.jpg	25	22	18	25	88.00	72.00	100.00
ALL-IDB1/Im007_1.jpg	12	12	10	14	100.00	83.33	83.33
ALL-IDB1/Im008_1.jpg	25	22	18	21	88.00	72.00	84.00
ALL-IDB1/Im009_1.jpg	13	12	13	12	92.31	100.00	92.31
ALL-IDB1/Im010_1.jpg	19	18	18	20	94.74	94.74	94.74
ALL-IDB1/Im011_1.jpg	20	21	18	23	95.00	90.00	85.00
ALL-IDB1/Im012_1.jpg	17	15	15	16	88.24	88.24	94.12
ALL-IDB1/Im013_1.jpg	14	14	11	13	100.00	78.57	92.86
ALL-IDB1/Im014_1.jpg	14	12	11	10	85.71	78.57	71.43
ALL-IDB1/Im015_1.jpg	22	22	16	20	100.00	72.73	90.91
ALL-IDB1/Im016_1.jpg	23	23	22	23	100.00	95.65	100.00
ALL-IDB1/Im017_1.jpg	3	3	2	3	100.00	66.67	100.00
ALL-IDB1/Im018_1.jpg	21	18	18	18	85.71	85.71	85.71
ALL-IDB1/Im019_1.jpg	24	22	15	23	91.67	62.50	95.83
ALL-IDB1/Im020_1.jpg	2	2	3	2	100.00	50.00	100.00
ALL-IDB1/Im021_1.jpg	3	3	4	3	100.00	66.67	100.00
ALL-IDB1/Im022_1.jpg	5	5	6	5	100.00	80.00	100.00
ALL-IDB1/Im023_1.jpg	7	7	8	7	100.00	85.71	100.00
ALL-IDB1/Im024_1.jpg	4	4	5	4	100.00	75.00	100.00
ALL-IDB1/Im025_1.jpg	3	3	4	3	100.00	66.67	100.00
ALL-IDB1/Im026_1.jpg	6	5	6	5	83.33	100.00	83.33
ALL-IDB1/Im027_1.jpg	4	4	5	3	100.00	75.00	75.00
ALL-IDB1/Im028_1.jpg	2	2	3	2	100.00	50.00	100.00
ALL-IDB1/Im029_1.jpg	5	5	6	4	100.00	80.00	80.00
ALL-IDB1/Im030_1.jpg	4	4	5	4	100.00	75.00	100.00
ALL-IDB1/Im031_1.jpg	2	2	3	2	100.00	50.00	100.00
ALL-IDB1/Im032_1.jpg	2	2	3	2	100.00	50.00	100.00
ALL-IDB1/Im033_1.jpg	2	2	3	2	100.00	50.00	100.00
ALL-IDB1/Im034_0.jpg	2	2	3	1	100.00	50.00	50.00
ALL-IDB1/Im035_0.jpg	1	1	2	1	100.00	0.00	100.00
ALL-IDB1/Im036_0.jpg	2	2	3	1	100.00	50.00	50.00
ALL-IDB1/Im037_0.jpg	1	1	2	1	100.00	0.00	100.00
ALL-IDB1/Im038_0.jpg	1	1	2	1	100.00	0.00	100.00
ALL-IDB1/Im039_0.jpg	1	1	2	1	100.00	0.00	100.00
ALL-IDB1/Im040_0.jpg	1	1	2	1	100.00	0.00	100.00
ALL-IDB1/Im041_0.jpg	2	2	4	2	100.00	0.00	100.00
ALL-IDB1/Im042_0.jpg	2	2	3	1	100.00	50.00	50.00
ALL-IDB1/Im043_0.jpg	2	2	3	2	100.00	50.00	100.00
ALL-IDB1/Im044_0.jpg	2	2	3	2	100.00	50.00	100.00
ALL-IDB1/Im045_0.jpg	1	1	2	1	100.00	0.00	100.00
ALL-IDB1/Im046_0.jpg	1	1	2	1	100.00	0.00	100.00
ALL-IDB1/Im047_0.jpg	2	2	3	2	100.00	50.00	100.00
ALL-IDB1/Im048_1.jpg	24	23	22	24	95.83	91.67	100.00
ALL-IDB1/Im049_1.jpg	25	24	20	19	96.00	80.00	76.00
ALL-IDB1/Im050_1.jpg	21	22	18	24	95.24	85.71	85.71
ALL-IDB1/Im051_1.jpg	25	20	14	22	80.00	56.00	88.00
ALL-IDB1/Im052_1.jpg	31	29	20	35	93.55	64.52	87.10
ALL-IDB1/Im053_1.jpg	45	44	39	41	97.78	86.67	91.11
ALL-IDB1/Im054_1.jpg	20	19	16	15	95.00	80.00	75.00
ALL-IDB1/Im055_1.jpg	27	25	19	23	92.59	70.37	85.19
ALL-IDB1/Im056_1.jpg	21	18	17	18	85.71	80.95	85.71
ALL-IDB1/Im057_1.jpg	22	21	16	21	95.45	72.73	95.45
ALL-IDB1/Im058_1.jpg	31	30	25	29	96.77	80.65	93.55
ALL-IDB1/Im059_1.jpg	44	46	29	47	95.45	65.91	93.18
ALL-IDB1/Im060_1.jpg	16	14	14	18	87.50	87.50	87.50
ALL-IDB1/Im061_1.jpg	33	34	20	34	96.97	60.61	96.97
ALL-IDB1/Im062_1.jpg	37	32	22	38	86.49	59.46	97.30
ALL-IDB1/Im063_1.jpg	25	24	22	27	96.00	88.00	92.00
ALL-IDB1/Im064_0.jpg	1	1	2	0	100.00	0.00	0.00
ALL-IDB1/Im065_0.jpg	2	2	3	2	100.00	50.00	100.00
ALL-IDB1/Im066_0.jpg	1	1	2	1	100.00	0.00	100.00
ALL-IDB1/Im067_0.jpg	2	2	3	2	100.00	50.00	100.00
ALL-IDB1/Im068_0.jpg	2	2	3	2	100.00	50.00	100.00
ALL-IDB1/Im069_0.jpg	1	1	2	1	100.00	0.00	100.00
ALL-IDB1/Im070_0.jpg	1	1	2	1	100.00	0.00	100.00
ALL-IDB1/Im071_0.jpg	1	1	2	1	100.00	0.00	100.00
ALL-IDB1/Im072_0.jpg	1	1	2	1	100.00	0.00	100.00
ALL-IDB1/Im073_0.jpg	1	1	2	1	100.00	0.00	100.00
ALL-IDB1/Im074_0.jpg	1	1	2	1	100.00	0.00	100.00
ALL-IDB1/Im075_0.jpg	1	1	2	1	100.00	0.00	100.00
ALL-IDB1/Im076_0.jpg	2	2	3	2	100.00	50.00	100.00
ALL-IDB1/Im077_0.jpg	1	1	2	1	100.00	0.00	100.00
ALL-IDB1/Im078_0.jpg	2	2	3	1	100.00	50.00	50.00
ALL-IDB1/Im079_0.jpg	7	8	8	6	85.71	85.71	85.71
ALL-IDB1/Im080_0.jpg	2	2	3	2	100.00	50.00	100.00
ALL-IDB1/Im081_0.jpg	2	2	3	0	100.00	50.00	0.00
ALL-IDB1/Im082_0.jpg	2	2	3	1	100.00	50.00	50.00
ALL-IDB1/Im083_0.jpg	1	1	2	1	100.00	0.00	100.00
ALL-IDB1/Im084_0.jpg	2	3	4	2	50.00	0.00	100.00
ALL-IDB1/Im085_0.jpg	2	3	3	1	50.00	50.00	50.00
ALL-IDB1/Im086_0.jpg	2	2	3	1	100.00	50.00	50.00
ALL-IDB1/Im087_0.jpg	2	2	3	1	100.00	50.00	50.00
ALL-IDB1/Im088_0.jpg	4	5	5	4	75.00	75.00	100.00
ALL-IDB1/Im089_0.jpg	2	2	3	1	100.00	50.00	50.00
ALL-IDB1/Im090_0.jpg	5	5	6	4	100.00	80.00	80.00
ALL-IDB1/Im091_0.jpg	3	3	4	3	100.00	66.67	100.00
ALL-IDB1/Im092_0.jpg	1	1	2	1	100.00	0.00	100.00
ALL-IDB1/Im093_0.jpg	4	4	5	4	100.00	75.00	100.00
ALL-IDB1/Im094_0.jpg	1	1	2	1	100.00	0.00	100.00
ALL-IDB1/Im095_0.jpg	2	2	3	2	100.00	50.00	100.00
ALL-IDB1/Im096_0.jpg	3	3	4	2	100.00	66.67	66.67
ALL-IDB1/Im097_0.jpg	3	3	4	1	100.00	66.67	33.33
ALL-IDB1/Im098_0.jpg	1	1	2	1	100.00	0.00	100.00
ALL-IDB1/Im099_0.jpg	3	3	4	1	100.00	66.67	33.33
ALL-IDB1/Im100_0.jpg	1	1	2	1	100.00	0.00	100.00
ALL-IDB1/Im101_0.jpg	1	1	2	0	100.00	0.00	0.00
ALL-IDB1/Im102_0.jpg	1	1	2	1	100.00	0.00	100.00
ALL-IDB1/Im103_0.jpg	2	2	3	1	100.00	50.00	50.00
ALL-IDB1/Im104_0.jpg	2	3	3	2	50.00	50.00	100.00
ALL-IDB1/Im105_0.jpg	4	2	3	1	50.00	75.00	25.00
ALL-IDB1/Im106_0.jpg	2	2	3	1	100.00	50.00	50.00
ALL-IDB1/Im107_0.jpg	2	2	3	2	100.00	50.00	100.00
ALL-IDB1/Im108_0.jpg	4	4	5	4	100.00	75.00	100.00
Total	-1	-1	-1	-1	95.64	51.68	85.76

data/test/Im037_0.jpg	18	1	2	1	5.56	11.11	5.56
data/test/Im045_0.jpg	21	1	2	1	4.76	9.52	4.76
data/test/Im053_1.jpg	15	44	39	41	-93.33	-60.00	-73.33
data/train/Im001_1.jpg	12	17	14	15	58.33	83.33	75.00
data/train/Im004_1.jpg	36	12	10	14	33.33	27.78	38.89
data/test/Im037_0.jpg	1	1	2	1	100.00	0.00	100.00
data/test/Im045_0.jpg	1	1	2	1	100.00	0.00	100.00
data/test/Im053_1.jpg	45	44	39	41	97.78	86.67	91.11
data/train/Im001_1.jpg	18	17	14	15	94.44	77.78	83.33
data/train/Im004_1.jpg	12	12	10	14	100.00	83.33	83.33
data/train/Im015_1.jpg	22	22	16	20	100.00	72.73	90.91
data/train/Im022_1.jpg	5	5	6	5	100.00	80.00	100.00
data/train/Im050_1.jpg	21	22	18	24	95.24	85.71	85.71
data/train/Im069_0.jpg	1	1	2	1	100.00	0.00	100.00
data/train/Im079_0.jpg	7	8	8	6	85.71	85.71	85.71
data/train/Im095_0.jpg	2	2	3	2	100.00	50.00	100.00
data/train/Im099_0.jpg	3	3	4	1	100.00	66.67	33.33
data/train/Im108_0.jpg	4	4	5	4	100.00	75.00	100.00
Total	-1	-1	-1	-1	97.94	58.74	88.73
